[gd_scene format=3 uid="uid://dk5vk6uxs6u2k"]

[ext_resource type="Material" uid="uid://bkboe4foqiksr" path="res://materials/mat_sky.tres" id="1_0kpsk"]
[ext_resource type="Script" uid="uid://b8pr27o8nubiw" path="res://compositor/pixelate_ce.gd" id="2_37q66"]
[ext_resource type="PackedScene" uid="uid://2v8pd5apmen" path="res://prefabs/island.tscn" id="2_edv0t"]
[ext_resource type="Material" uid="uid://btqxaru611oa" path="res://materials/mat_water.tres" id="4_g1j5r"]
[ext_resource type="PackedScene" uid="uid://baeq6vux1byk7" path="res://prefabs/player.tscn" id="5_37q66"]
[ext_resource type="PackedScene" uid="uid://ce0acy6tdkv2s" path="res://prefabs/test_interactable.tscn" id="6_noqu5"]
[ext_resource type="PackedScene" uid="uid://dwmnn1iq6enmy" path="res://prefabs/tree.tscn" id="7_ax415"]
[ext_resource type="PackedScene" uid="uid://bqttn7t7h2ehd" path="res://prefabs/rocks.tscn" id="8_cclv5"]

[sub_resource type="Sky" id="Sky_6tqpd"]
sky_material = ExtResource("1_0kpsk")

[sub_resource type="Environment" id="Environment_0kpsk"]
background_mode = 2
sky = SubResource("Sky_6tqpd")
ambient_light_source = 3
ambient_light_sky_contribution = 0.1
fog_mode = 1
fog_light_color = Color(0.48452926, 0.713524, 0.8753262, 1)
fog_density = 1.0
fog_sky_affect = 0.0
fog_height = 328.0
fog_height_density = 0.0015
volumetric_fog_enabled = true
volumetric_fog_albedo = Color(0.66498655, 0.84477913, 0.9718531, 1)
volumetric_fog_emission = Color(0.66498655, 0.84477913, 0.9718531, 1)
volumetric_fog_emission_energy = 0.2
volumetric_fog_anisotropy = 0.55
volumetric_fog_sky_affect = 0.0

[sub_resource type="CompositorEffect" id="CompositorEffect_ax415"]
resource_local_to_scene = false
resource_name = ""
enabled = true
effect_callback_type = 4
needs_motion_vectors = false
needs_normal_roughness = true
script = ExtResource("2_37q66")
metadata/_custom_type_script = "uid://b8pr27o8nubiw"

[sub_resource type="Compositor" id="Compositor_ax415"]
compositor_effects = Array[CompositorEffect]([SubResource("CompositorEffect_ax415")])

[sub_resource type="PlaneMesh" id="PlaneMesh_phnmh"]

[sub_resource type="WorldBoundaryShape3D" id="WorldBoundaryShape3D_g1j5r"]

[node name="IslandScene" type="Node3D" unique_id=373182846]

[node name="WorldEnvironment" type="WorldEnvironment" parent="." unique_id=2065317413]
environment = SubResource("Environment_0kpsk")
compositor = SubResource("Compositor_ax415")

[node name="Island" parent="." unique_id=953826695 instance=ExtResource("2_edv0t")]
transform = Transform3D(1, 0, 0, 0, 1, 0, 0, 0, 1, -0.0032453537, -0.27433968, 0.0022025108)

[node name="DirectionalLight3D" type="DirectionalLight3D" parent="." unique_id=1673132568]
transform = Transform3D(-0.34667102, -0.15907812, -0.9243989, -0.9361242, -0.003399315, 0.35165322, -0.059082665, 0.98726016, -0.14773844, 0, 2.5004473, 0)

[node name="Water" type="MeshInstance3D" parent="." unique_id=289112751]
transform = Transform3D(583.6481, 0, 0, 0, 583.6481, 0, 0, 0, 583.6481, 0, 0, 0)
material_override = ExtResource("4_g1j5r")
mesh = SubResource("PlaneMesh_phnmh")

[node name="StaticBody3D" type="StaticBody3D" parent="Water" unique_id=1555646490]
transform = Transform3D(0.0017133614, 0, 0, 0, 0.0017133614, 0, 0, 0, 0.0017133614, 0, 0, 0)

[node name="CollisionShape3D" type="CollisionShape3D" parent="Water/StaticBody3D" unique_id=1400830037]
transform = Transform3D(1, 0, 0, 0, 1, 0, 0, 0, 1, 0, -0.26147175, 0)
shape = SubResource("WorldBoundaryShape3D_g1j5r")

[node name="Player" parent="." unique_id=2113885086 node_paths=PackedStringArray("island_scene", "camera") instance=ExtResource("5_37q66")]
transform = Transform3D(1, 0, 0, 0, 1, 0, 0, 0, 1, 0, 0.74721193, 0)
island_scene = NodePath("..")
camera = NodePath("Camera3D")

[node name="Camera3D" type="Camera3D" parent="Player" unique_id=34050]
transform = Transform3D(1, 0, 0, 0, 0.93145514, 0.36385623, 0, -0.36385623, 0.93145514, -3.0559022e-10, 1.45763, 2.3734)

[node name="InteractableBase" parent="." unique_id=888649470 instance=ExtResource("6_noqu5")]
transform = Transform3D(1, 0, 0, 0, 1, 0, 0, 0, 1, -2.7147596, 1.0982888, 2.1962972)
attached_offset = Vector3(0, 0, 0)

[node name="Trees" type="Node3D" parent="." unique_id=1326531027]

[node name="tree" parent="Trees" unique_id=953250290 instance=ExtResource("7_ax415")]
transform = Transform3D(1, 0, 0, 0, 1, 0, 0, 0, 1, 9.102858, 0, 1.6764851)

[node name="tree2" parent="Trees" unique_id=244863639 instance=ExtResource("7_ax415")]
transform = Transform3D(-0.50000006, 0, 0.8660254, 0, 1, 0, -0.8660254, 0, -0.50000006, -11.336332, 1.4812727, 1.245759)

[node name="rocks" parent="." unique_id=621823909 instance=ExtResource("8_cclv5")]
transform = Transform3D(-0.7298983, 0, 0.6835559, 0, 1, 0, -0.6835559, 0, -0.7298983, 0, 0, 0)
