[gd_scene format=3 uid="uid://dk5vk6uxs6u2k"]

[ext_resource type="Material" uid="uid://bkboe4foqiksr" path="res://materials/mat_sky.tres" id="1_0kpsk"]
[ext_resource type="Script" uid="uid://b8pr27o8nubiw" path="res://compositor/pixelate_ce.gd" id="2_37q66"]
[ext_resource type="PackedScene" uid="uid://2v8pd5apmen" path="res://prefabs/island.tscn" id="2_edv0t"]
[ext_resource type="Material" uid="uid://btqxaru611oa" path="res://materials/mat_water.tres" id="4_g1j5r"]
[ext_resource type="PackedScene" uid="uid://baeq6vux1byk7" path="res://prefabs/player.tscn" id="5_37q66"]
[ext_resource type="PackedScene" uid="uid://dwmnn1iq6enmy" path="res://prefabs/tree.tscn" id="7_ax415"]
[ext_resource type="PackedScene" uid="uid://bqttn7t7h2ehd" path="res://prefabs/rocks.tscn" id="8_cclv5"]
[ext_resource type="PackedScene" uid="uid://xku7ppxyi5fu" path="res://prefabs/crate.tscn" id="9_pal10"]
[ext_resource type="Material" uid="uid://c4gbicoto7js5" path="res://materials/mat_crate.tres" id="10_wjfqx"]
[ext_resource type="ArrayMesh" uid="uid://bdhksw8vqr37l" path="res://meshes/plank_mesh.res" id="10_wkuwm"]

[sub_resource type="Sky" id="Sky_6tqpd"]
sky_material = ExtResource("1_0kpsk")

[sub_resource type="Environment" id="Environment_0kpsk"]
background_mode = 2
sky = SubResource("Sky_6tqpd")
ambient_light_source = 3
ambient_light_sky_contribution = 0.1
fog_mode = 1
fog_light_color = Color(0.48452926, 0.713524, 0.8753262, 1)
fog_density = 1.0
fog_sky_affect = 0.0
fog_height = 328.0
fog_height_density = 0.0015
volumetric_fog_enabled = true
volumetric_fog_albedo = Color(0.66498655, 0.84477913, 0.9718531, 1)
volumetric_fog_emission = Color(0.66498655, 0.84477913, 0.9718531, 1)
volumetric_fog_emission_energy = 0.2
volumetric_fog_anisotropy = 0.55
volumetric_fog_sky_affect = 0.0

[sub_resource type="CompositorEffect" id="CompositorEffect_cclv5"]
resource_local_to_scene = false
resource_name = ""
enabled = true
effect_callback_type = 4
needs_motion_vectors = false
needs_normal_roughness = true
script = ExtResource("2_37q66")
metadata/_custom_type_script = "uid://b8pr27o8nubiw"

[sub_resource type="Compositor" id="Compositor_ax415"]
compositor_effects = Array[CompositorEffect]([SubResource("CompositorEffect_cclv5")])

[sub_resource type="PlaneMesh" id="PlaneMesh_phnmh"]

[sub_resource type="WorldBoundaryShape3D" id="WorldBoundaryShape3D_g1j5r"]

[node name="IslandScene" type="Node3D" unique_id=373182846]

[node name="WorldEnvironment" type="WorldEnvironment" parent="." unique_id=2065317413]
environment = SubResource("Environment_0kpsk")
compositor = SubResource("Compositor_ax415")

[node name="Island" parent="." unique_id=953826695 instance=ExtResource("2_edv0t")]
transform = Transform3D(1, 0, 0, 0, 1, 0, 0, 0, 1, -0.0032453537, -0.27433968, 0.0022025108)

[node name="DirectionalLight3D" type="DirectionalLight3D" parent="." unique_id=1673132568]
transform = Transform3D(-0.34667102, -0.15907812, -0.9243989, -0.9361242, -0.003399315, 0.35165322, -0.059082665, 0.98726016, -0.14773844, 0, 2.5004473, 0)

[node name="Water" type="MeshInstance3D" parent="." unique_id=289112751]
transform = Transform3D(583.6481, 0, 0, 0, 583.6481, 0, 0, 0, 583.6481, 0, 0, 0)
material_override = ExtResource("4_g1j5r")
mesh = SubResource("PlaneMesh_phnmh")

[node name="StaticBody3D" type="StaticBody3D" parent="Water" unique_id=1555646490]
transform = Transform3D(0.0017133614, 0, 0, 0, 0.0017133614, 0, 0, 0, 0.0017133614, 0, 0, 0)

[node name="CollisionShape3D" type="CollisionShape3D" parent="Water/StaticBody3D" unique_id=1400830037]
transform = Transform3D(1, 0, 0, 0, 1, 0, 0, 0, 1, 0, -0.26147175, 0)
shape = SubResource("WorldBoundaryShape3D_g1j5r")

[node name="Player" parent="." unique_id=2113885086 node_paths=PackedStringArray("island_scene", "camera") instance=ExtResource("5_37q66")]
transform = Transform3D(1, 0, 0, 0, 1, 0, 0, 0, 1, -4.15561, 0.74721193, 12.256225)
island_scene = NodePath("..")
camera = NodePath("Camera3D")

[node name="Camera3D" type="Camera3D" parent="Player" unique_id=34050]
transform = Transform3D(1, 0, 0, 0, 0.93145514, 0.36385623, 0, -0.36385623, 0.93145514, -3.0559022e-10, 1.45763, 2.3734)

[node name="Trees" type="Node3D" parent="." unique_id=1326531027]

[node name="tree" parent="Trees" unique_id=953250290 instance=ExtResource("7_ax415")]
transform = Transform3D(1, 0, 0, 0, 1, 0, 0, 0, 1, 9.102858, 0, 1.6764851)

[node name="tree2" parent="Trees" unique_id=244863639 instance=ExtResource("7_ax415")]
transform = Transform3D(-0.50000006, 0, 0.8660254, 0, 1, 0, -0.8660254, 0, -0.50000006, -11.336332, 1.4812727, 1.245759)

[node name="tree3" parent="Trees" unique_id=1608331695 instance=ExtResource("7_ax415")]
transform = Transform3D(-0.9981121, 0, -0.061419666, 0, 1, 0, 0.061419666, 0, -0.9981121, -11.115919, 0.34009326, 8.393693)
should_spawn_fruit = true

[node name="tree4" parent="Trees" unique_id=1339728349 instance=ExtResource("7_ax415")]
transform = Transform3D(-0.18941471, 0, -0.98189723, 0, 1, 0, 0.98189723, 0, -0.18941471, 4.1867905, 0.34009326, 10.488681)

[node name="tree5" parent="Trees" unique_id=358758512 instance=ExtResource("7_ax415")]
transform = Transform3D(-0.29743803, 0, 0.9547412, 0, 1, 0, -0.9547412, 0, -0.29743803, 9.6366825, 0.34009326, 6.379093)

[node name="tree6" parent="Trees" unique_id=1104843776 instance=ExtResource("7_ax415")]
transform = Transform3D(-0.29743803, 0, 0.9547412, 0, 1, 0, -0.9547412, 0, -0.29743803, 7.9781456, 2.8144212, -6.5174522)

[node name="tree7" parent="Trees" unique_id=867701571 instance=ExtResource("7_ax415")]
transform = Transform3D(0.9987164, 0, -0.0506517, 0, 1, 0, 0.0506517, 0, 0.9987164, 0.98089504, 3.6153274, -10.306995)
should_spawn_fruit = true

[node name="tree8" parent="Trees" unique_id=1474743497 instance=ExtResource("7_ax415")]
transform = Transform3D(-0.2907467, 0, -0.9568001, 0, 1, 0, 0.9568001, 0, -0.2907467, -7.209098, 2.832192, -8.615587)

[node name="rocks" parent="." unique_id=621823909 instance=ExtResource("8_cclv5")]
transform = Transform3D(-0.7298983, 0, 0.6835559, 0, 1, 0, -0.6835559, 0, -0.7298983, 0, 0, 0)

[node name="Crate" parent="." unique_id=104961257 instance=ExtResource("9_pal10")]
transform = Transform3D(1, 0, 0, 0, 1, 0, 0, 0, 1, 1.1725588, 0.59695613, 12.297435)
attached_offset = Vector3(0, 3, -3)

[node name="Plank" type="MeshInstance3D" parent="." unique_id=1062777922]
transform = Transform3D(0.8590208, 0, -0.5119406, 0, 1, 0, 0.5119406, 0, 0.8590208, 0.0703419, 0.25593388, 12.853473)
material_overlay = ExtResource("10_wjfqx")
mesh = ExtResource("10_wkuwm")

[node name="Plank2" type="MeshInstance3D" parent="." unique_id=1114171641]
transform = Transform3D(0.9644104, 0, 0.26441008, 0.065013215, 0.9693002, -0.23712948, -0.25629273, 0.24588025, 0.93480325, 2.1281905, 0.13288188, 12.445208)
material_overlay = ExtResource("10_wjfqx")
mesh = ExtResource("10_wkuwm")

[node name="Plank3" type="MeshInstance3D" parent="." unique_id=1607031054]
transform = Transform3D(0.9254118, -0.16601294, 0.34066528, 0.1843161, 0.98262453, -0.02183928, -0.3311202, 0.08300034, 0.9399313, 0.33529592, 0.22914791, 12.865815)
material_overlay = ExtResource("10_wjfqx")
mesh = ExtResource("10_wkuwm")

[node name="Crate2" parent="." unique_id=1553739965 instance=ExtResource("9_pal10")]
transform = Transform3D(1, 0, 0, 0, 1, 0, 0, 0, 1, -12.516768, 1.8751243, 1.2273672)
attached_offset = Vector3(0, 3, -3)

[node name="Crate3" parent="." unique_id=1843208050 instance=ExtResource("9_pal10")]
transform = Transform3D(0.7722737, 0, 0.6352899, 0, 1, 0, -0.6352899, 0, 0.7722737, -12.516768, 2.7488017, 1.2273672)
attached_offset = Vector3(0, 3, -3)
