[gd_scene format=3 uid="uid://bpgsm4hlugl3g"]

[ext_resource type="Material" uid="uid://bkboe4foqiksr" path="res://materials/mat_sky.tres" id="1_cnaqj"]
[ext_resource type="Script" uid="uid://b8pr27o8nubiw" path="res://compositor/pixelate_ce.gd" id="2_m5o4a"]
[ext_resource type="AudioStream" uid="uid://c5xj3joflkdtb" path="res://audio/ambient_wind.wav" id="3_2eori"]
[ext_resource type="AudioStream" uid="uid://becc20e75nv7i" path="res://audio/background.wav" id="4_kdkrr"]
[ext_resource type="PackedScene" uid="uid://2v8pd5apmen" path="res://prefabs/island.tscn" id="5_4nndr"]
[ext_resource type="Material" uid="uid://btqxaru611oa" path="res://materials/mat_water.tres" id="7_piwyi"]
[ext_resource type="PackedScene" uid="uid://baeq6vux1byk7" path="res://prefabs/player.tscn" id="8_vove0"]
[ext_resource type="PackedScene" uid="uid://dwmnn1iq6enmy" path="res://prefabs/tree.tscn" id="9_ptf5n"]
[ext_resource type="PackedScene" uid="uid://bqttn7t7h2ehd" path="res://prefabs/rocks.tscn" id="10_in67h"]
[ext_resource type="PackedScene" uid="uid://4dtmq1ir54ke" path="res://prefabs/shell.tscn" id="11_5polo"]
[ext_resource type="PackedScene" uid="uid://c4ihxwtlp7ma5" path="res://prefabs/shell_2.tscn" id="12_eafwq"]
[ext_resource type="PackedScene" uid="uid://cseo5ehxjkowm" path="res://prefabs/pebble_01.tscn" id="13_3taet"]
[ext_resource type="PackedScene" uid="uid://cq2u780x6g7cp" path="res://prefabs/pebble_02.tscn" id="14_yo3yx"]
[ext_resource type="PackedScene" uid="uid://c3rx0ustcldo2" path="res://prefabs/fern.tscn" id="15_e8drn"]
[ext_resource type="PackedScene" uid="uid://xku7ppxyi5fu" path="res://prefabs/crate.tscn" id="16_q786a"]
[ext_resource type="PackedScene" uid="uid://bnaig4c0o2f1u" path="res://prefabs/plank.tscn" id="17_p4bf0"]
[ext_resource type="PackedScene" uid="uid://bkgkht0o5ilrc" path="res://prefabs/shark_rigged.tscn" id="18_lqnev"]
[ext_resource type="PackedScene" uid="uid://bypnfosxek5ra" path="res://prefabs/boat.tscn" id="19_jjoaj"]
[ext_resource type="PackedScene" uid="uid://wpxga8rd8y84" path="res://prefabs/log_circle.tscn" id="20_ep8hu"]
[ext_resource type="Script" uid="uid://7504nsiaar6y" path="res://scripts/constant_size_margin_container.gd" id="21_dlsrp"]
[ext_resource type="Material" uid="uid://brkn4vsagyyad" path="res://materials/wavy_text.tres" id="22_ml24f"]
[ext_resource type="PackedScene" uid="uid://b0k6h66672itf" path="res://prefabs/beach_ball.tscn" id="27_4qiyi"]
[ext_resource type="FontFile" uid="uid://nimjxq4qlcmd" path="res://fonts/PIXELIFYSANS-VARIABLEFONT_WGHT.TTF" id="29_po6yr"]

[sub_resource type="Sky" id="Sky_hjump"]
sky_material = ExtResource("1_cnaqj")

[sub_resource type="Environment" id="Environment_0kpsk"]
background_mode = 2
sky = SubResource("Sky_hjump")
ambient_light_source = 3
ambient_light_sky_contribution = 0.1
fog_mode = 1
fog_light_color = Color(0.48452926, 0.713524, 0.8753262, 1)
fog_density = 1.0
fog_sky_affect = 0.0
fog_height = 328.0
fog_height_density = 0.0015
volumetric_fog_enabled = true
volumetric_fog_albedo = Color(0.66498655, 0.84477913, 0.9718531, 1)
volumetric_fog_emission = Color(0.66498655, 0.84477913, 0.9718531, 1)
volumetric_fog_emission_energy = 0.2
volumetric_fog_anisotropy = 0.55
volumetric_fog_sky_affect = 0.0

[sub_resource type="CompositorEffect" id="CompositorEffect_hjump"]
resource_local_to_scene = false
resource_name = ""
enabled = true
effect_callback_type = 4
needs_motion_vectors = false
needs_normal_roughness = true
script = ExtResource("2_m5o4a")
metadata/_custom_type_script = "uid://b8pr27o8nubiw"

[sub_resource type="Compositor" id="Compositor_ax415"]
compositor_effects = Array[CompositorEffect]([SubResource("CompositorEffect_hjump")])

[sub_resource type="PlaneMesh" id="PlaneMesh_phnmh"]

[sub_resource type="WorldBoundaryShape3D" id="WorldBoundaryShape3D_g1j5r"]

[sub_resource type="LabelSettings" id="LabelSettings_4tl2p"]
font = ExtResource("29_po6yr")
font_size = 200
outline_size = 10
outline_color = Color(0, 0, 0, 1)

[node name="IslandScene" type="Node3D" unique_id=373182846]

[node name="WorldEnvironment" type="WorldEnvironment" parent="." unique_id=2065317413]
environment = SubResource("Environment_0kpsk")
compositor = SubResource("Compositor_ax415")

[node name="AmbientWind" type="AudioStreamPlayer" parent="." unique_id=1694995433]
stream = ExtResource("3_2eori")
autoplay = true

[node name="BackgroundAudio" type="AudioStreamPlayer" parent="." unique_id=790143034]
stream = ExtResource("4_kdkrr")
volume_db = -20.0
autoplay = true

[node name="Island" parent="." unique_id=953826695 instance=ExtResource("5_4nndr")]
transform = Transform3D(1, 0, 0, 0, 1, 0, 0, 0, 1, -0.0032453537, -0.27433968, 0.0022025108)

[node name="DirectionalLight3D" type="DirectionalLight3D" parent="." unique_id=1673132568]
transform = Transform3D(-0.30868214, 0.48701805, -0.81702447, -0.9361242, -0.003399325, 0.35165325, 0.16848418, 0.8733854, 0.45695865, 0, 2.5004473, 0)
light_cull_mask = 4294967293

[node name="Water" type="MeshInstance3D" parent="." unique_id=289112751]
transform = Transform3D(583.6481, 0, 0, 0, 583.6481, 0, 0, 0, 583.6481, 0, 0, 0)
material_override = ExtResource("7_piwyi")
mesh = SubResource("PlaneMesh_phnmh")

[node name="StaticBody3D" type="StaticBody3D" parent="Water" unique_id=1555646490]
transform = Transform3D(0.0017133614, 0, 0, 0, 0.0017133614, 0, 0, 0, 0.0017133614, 0, 0, 0)

[node name="CollisionShape3D" type="CollisionShape3D" parent="Water/StaticBody3D" unique_id=1400830037]
transform = Transform3D(1, 0, 0, 0, 1, 0, 0, 0, 1, 0, -0.26147175, 0)
shape = SubResource("WorldBoundaryShape3D_g1j5r")

[node name="Camera3D" type="Camera3D" parent="." unique_id=34050]
transform = Transform3D(0.5986331, 0.16040346, -0.7847988, -3.178979e-08, 0.97974527, 0.20024815, 0.80102336, -0.11987515, 0.586508, 8.106081, 2.451932, 1.3291652)

[node name="Player" parent="." unique_id=2113885086 node_paths=PackedStringArray("island_scene", "camera") instance=ExtResource("8_vove0")]
transform = Transform3D(-0.93125486, 0, 0.36436844, 0, 1, 0, -0.36436844, 0, -0.93125486, 10.934632, 0.6360303, -2.5325432)
island_scene = NodePath("..")
camera = NodePath("../Camera3D")
should_move_on_ready = false

[node name="Trees" type="Node3D" parent="." unique_id=1326531027]

[node name="tree" parent="Trees" unique_id=953250290 instance=ExtResource("9_ptf5n")]
transform = Transform3D(0.7439984, 0, -0.6681814, 0, 1, 0, 0.6681814, 0, 0.7439984, 13.337908, -1.1920929e-07, 0.98381376)

[node name="tree2" parent="Trees" unique_id=244863639 instance=ExtResource("9_ptf5n")]
transform = Transform3D(-0.50000006, 0, 0.8660254, 0, 1, 0, -0.8660254, 0, -0.50000006, -11.336332, 1.4812727, 1.245759)

[node name="tree3" parent="Trees" unique_id=1608331695 instance=ExtResource("9_ptf5n")]
transform = Transform3D(-0.9981121, 0, -0.061419666, 0, 1, 0, 0.061419666, 0, -0.9981121, -11.115919, 0.34009326, 8.393693)

[node name="tree4" parent="Trees" unique_id=1339728349 instance=ExtResource("9_ptf5n")]
transform = Transform3D(-0.18941471, 0, -0.98189723, 0, 1, 0, 0.98189723, 0, -0.18941471, 4.1867905, 0.34009326, 10.488681)

[node name="tree5" parent="Trees" unique_id=358758512 instance=ExtResource("9_ptf5n")]
transform = Transform3D(-0.29743803, 0, 0.9547412, 0, 1, 0, -0.9547412, 0, -0.29743803, 11.499234, 0.34009326, 6.0669427)

[node name="tree6" parent="Trees" unique_id=1104843776 instance=ExtResource("9_ptf5n")]
transform = Transform3D(-0.29743803, 0, 0.9547412, 0, 1, 0, -0.9547412, 0, -0.29743803, 7.9781456, 2.8144212, -6.5174522)

[node name="tree7" parent="Trees" unique_id=867701571 instance=ExtResource("9_ptf5n")]
transform = Transform3D(0.9987164, 0, -0.0506517, 0, 1, 0, 0.0506517, 0, 0.9987164, 0.98089504, 3.6153274, -10.306995)
should_spawn_fruit = true

[node name="tree8" parent="Trees" unique_id=1474743497 instance=ExtResource("9_ptf5n")]
transform = Transform3D(-0.2907467, 0, -0.9568001, 0, 1, 0, 0.9568001, 0, -0.2907467, -7.209098, 2.832192, -8.615587)

[node name="rocks" parent="." unique_id=621823909 instance=ExtResource("10_in67h")]
transform = Transform3D(-0.7298983, 0, 0.6835559, 0, 1, 0, -0.6835559, 0, -0.7298983, -0.8770497, 0, 0)

[node name="Shells" type="Node3D" parent="." unique_id=15600415]

[node name="Shell" parent="Shells" unique_id=764633683 instance=ExtResource("11_5polo")]
transform = Transform3D(-0.8334396, 0, -0.22331955, 0, 0.8628402, 0, 0.22331955, 0, -0.8334396, 3.8583694, 0.09364435, 11.187168)

[node name="Shell2" parent="Shells" unique_id=2065035430 instance=ExtResource("11_5polo")]
transform = Transform3D(-0.5738136, 0, 0.4766887, 0, 0.7459854, 0, -0.4766887, 0, -0.5738136, -10.124035, 0.35360238, 9.056832)

[node name="Shell3" parent="Shells" unique_id=1724099499 instance=ExtResource("11_5polo")]
transform = Transform3D(-0.7437987, 0, 0.057076722, 0, 0.74598545, 0, -0.057076722, 0, -0.7437987, 11.586632, 0.24514839, -2.3173983)

[node name="shell_2" parent="Shells" unique_id=63550853 instance=ExtResource("12_eafwq")]
transform = Transform3D(0.29698923, 0.32627434, -0.13467093, 0, 0.17599879, 0.4264015, 0.35297477, -0.27452376, 0.1133107, -6.4191346, 0.36438572, 11.560508)

[node name="shell_3" parent="Shells" unique_id=596792990 instance=ExtResource("12_eafwq")]
transform = Transform3D(0.20981658, -0.37974128, 0.15673964, -5.259734e-09, 0.17599878, 0.42640144, -0.4108172, -0.1939452, 0.08005157, 11.962809, 0.36438572, 6.999978)

[node name="shell_4" parent="Shells" unique_id=1786274094 instance=ExtResource("12_eafwq")]
transform = Transform3D(-0.30899462, 0.31660518, -0.13067997, -5.2597344e-09, 0.17599879, 0.4264015, 0.3425144, 0.285621, -0.11789109, -14.3889475, 0.23671842, -6.0457954)

[node name="Pebbles" type="Node3D" parent="." unique_id=1975846998]

[node name="pebble_01" parent="Pebbles" unique_id=562419009 instance=ExtResource("13_3taet")]
transform = Transform3D(1, 0, 0, 0, 1, 0, 0, 0, 1, -7.337487, 0.28178728, 8.069008)

[node name="pebble_02" parent="Pebbles" unique_id=1537327274 instance=ExtResource("13_3taet")]
transform = Transform3D(0.45934647, 0, -1.2750344, 0, 1.7109224, 0, 1.2137873, 0, 0.48252478, -7.6939354, 0.28654242, 7.6088376)

[node name="pebble_03" parent="Pebbles" unique_id=7446834 instance=ExtResource("13_3taet")]
transform = Transform3D(0.24324548, -7.506519e-08, -0.96996474, 2.5205102e-08, -1, 8.371048e-08, -0.96996474, -4.4810257e-08, -0.24324548, 9.590694, 0.2817874, -1.1938591)

[node name="pebble_04" parent="Pebbles" unique_id=124906752 instance=ExtResource("13_3taet")]
transform = Transform3D(0.32268292, -5.5162648e-08, -2.021994, 3.343641e-08, -0.7348632, 1.7450334e-07, -1.2867292, -3.292941e-08, -0.507071, 9.392162, 0.27588904, -1.8481886)

[node name="pebble_05" parent="Pebbles" unique_id=1317832297 instance=ExtResource("13_3taet")]
transform = Transform3D(0.19031529, 0.2315415, -0.95402753, 0.43254513, -0.8921561, -0.13023861, -0.8812972, -0.38787356, -0.26994312, 9.228228, 0.2817874, -1.4437593)

[node name="pebble_06" parent="Pebbles" unique_id=32040137 instance=ExtResource("13_3taet")]
transform = Transform3D(0.69886845, 1.3988638, 0.2778258, -0.45934656, -7.47868e-08, 1.2750345, 0.99240243, -0.9851064, 0.39451617, -9.591807, 0.23987126, -5.8687716)

[node name="pebble_07" parent="Pebbles" unique_id=1724897325 instance=ExtResource("13_3taet")]
transform = Transform3D(0.746998, -1.3485377, 0.29695886, 0.8040322, 0.42167276, -1.0160203, 0.6926798, 0.96482736, 0.8591052, -9.127853, 0.15527105, -5.760028)

[node name="pebble_08" parent="Pebbles" unique_id=917891290 instance=ExtResource("13_3taet")]
transform = Transform3D(0.94111073, 0.33809853, 0, -0.21538983, 0.5995462, -0.77081233, -0.26061052, 0.72541976, 0.6370623, 5.4544554, 0.28178728, 7.660313)

[node name="pebble_09" parent="Pebbles" unique_id=1525490441 instance=ExtResource("14_yo3yx")]
transform = Transform3D(-5.5445447, 0, -1.394988, 0, 5.717339, 0, 1.394988, 0, -5.5445447, 11.89332, 0.31101155, 1.0139074)

[node name="pebble_10" parent="Pebbles" unique_id=812482286 instance=ExtResource("14_yo3yx")]
transform = Transform3D(2.2808812, 4.9461384, -0.47966892, -1.3807398, -2.4492314e-07, -3.5890486, -4.2850623, 2.632763, 0.9011479, 12.084162, -0.25902057, -0.52101517)

[node name="pebble_11" parent="Pebbles" unique_id=734646108 instance=ExtResource("14_yo3yx")]
transform = Transform3D(-9.26203, -5.174024, -3.8959374, 0.75644976, -27.30806, 2.0924952, -5.269553, 5.174025, 7.1480746, 7.886488, 0.3110112, 7.8669715)

[node name="pebble_12" parent="Pebbles" unique_id=583979537 instance=ExtResource("13_3taet")]
transform = Transform3D(0.04293801, 0.117744625, -0.40438467, -0.004548482, -0.40632737, -0.11879328, -0.4211533, 0.016392883, -0.039945398, 5.4731708, 0.25058103, 8.361073)

[node name="pebble_13" parent="Pebbles" unique_id=1423584597 instance=ExtResource("14_yo3yx")]
transform = Transform3D(-4.981506, -2.7828064, -2.0953977, 1.0647502, 11.328271, -2.8969188, 2.6579015, -9.753688, -2.7667468, 5.327013, 3.0961971, -10.1146555)

[node name="pebble_14" parent="Pebbles" unique_id=437060157 instance=ExtResource("14_yo3yx")]
transform = Transform3D(0.23235734, 4.9019527, -1.3893716, 2.26632, 1.785379, 0.79145306, 1.1886927, -4.3621397, -1.2373717, -5.2944374, 3.096197, -6.8556457)

[node name="pebble_15" parent="Pebbles" unique_id=836343940 instance=ExtResource("14_yo3yx")]
transform = Transform3D(1.6991457, -4.6070304, -0.079457305, 0.102682084, -0.465421, 1.0216444, -1.47195, -5.3505945, -0.020452587, -12.034864, 1.4589217, 3.5816405)

[node name="pebble_16" parent="Pebbles" unique_id=1966308020 instance=ExtResource("13_3taet")]
transform = Transform3D(0.21308662, 0, -0.5914768, 0, 0.7936812, 0, 0.5630648, 0, 0.22383884, -11.26208, 1.4795649, 3.8255446)

[node name="pebble_17" parent="Pebbles" unique_id=1538897289 instance=ExtResource("13_3taet")]
transform = Transform3D(0.13608964, 0, -0.37775183, 0, 0.5068914, 0, 0.35960627, 0, 0.14295663, -11.293006, 1.4795649, 3.1069877)

[node name="pebble_18" parent="Pebbles" unique_id=1043378620 instance=ExtResource("13_3taet")]
transform = Transform3D(-0.2616338, 0.46405345, 0.726232, -0.12458848, -0.97450423, 0.34582758, 0.7657306, 1.451837e-08, 0.3044059, -4.835466, 2.8468227, -5.9039307)

[node name="Ferns" type="Node3D" parent="." unique_id=385243555]

[node name="fern" parent="Ferns" unique_id=429886961 instance=ExtResource("15_e8drn")]
transform = Transform3D(0.81805587, 0.00466457, 0.29493493, -0.0042442544, 0.86959875, -0.0019810025, -0.29494128, 0.0004240898, 0.8180667, 1.8624537, 2.8637557, -3.4049766)

[node name="fern2" parent="Ferns" unique_id=852239631 instance=ExtResource("15_e8drn")]
transform = Transform3D(0.6967005, 0, -0.38826072, 0, 0.79758257, 0, 0.38826072, 0, 0.6967005, 5.806366, 2.863756, -6.922462)

[node name="fern3" parent="Ferns" unique_id=1926027101 instance=ExtResource("15_e8drn")]
transform = Transform3D(0.98112875, 0, -0.19335546, 0, 1, 0, 0.19335546, 0, 0.98112875, 13.188015, 0.2257998, 0.06676972)

[node name="fern4" parent="Ferns" unique_id=1570809950 instance=ExtResource("15_e8drn")]
transform = Transform3D(0.9114228, 0, -0.41147107, 0, 1, 0, 0.41147107, 0, 0.9114228, -3.324945, 2.863756, -6.0144787)

[node name="fern5" parent="Ferns" unique_id=1471156769 instance=ExtResource("15_e8drn")]
transform = Transform3D(0.6651448, 0, 0.537593, 0, 0.85523325, 0, -0.537593, 0, 0.6651448, -6.6763887, 2.863756, -7.0120745)

[node name="fern6" parent="Ferns" unique_id=1803309303 instance=ExtResource("15_e8drn")]
transform = Transform3D(1.2919968, 0, -0.5832851, 0, 1.4175603, 0, 0.5832851, 0, 1.2919968, -2.8093026, 3.6216426, -11.681496)

[node name="fern7" parent="Ferns" unique_id=2025820762 instance=ExtResource("15_e8drn")]
transform = Transform3D(1.1672372, 0, -0.5269611, 0, 1.2806759, 0, 0.5269611, 0, 1.1672372, 1.079104, 3.6216426, -8.275539)

[node name="fern8" parent="Ferns" unique_id=1528513912 instance=ExtResource("15_e8drn")]
transform = Transform3D(0.774758, 0, -0.34977233, 0, 0.8500533, 0, 0.34977233, 0, 0.774758, -10.456907, 1.3956101, -1.0591092)

[node name="fern9" parent="Ferns" unique_id=948065127 instance=ExtResource("15_e8drn")]
transform = Transform3D(1.023986, 0, -0.46228886, 0, 1.1235027, 0, 0.46228886, 0, 1.023986, -10.558809, 1.3956101, 2.6810527)

[node name="fern10" parent="Ferns" unique_id=2102090032 instance=ExtResource("15_e8drn")]
transform = Transform3D(0.45563704, 0, -0.20570196, 0, 0.4999184, 0, 0.20570196, 0, 0.45563704, -13.1821995, 1.3956101, 3.1721563)

[node name="fern11" parent="Ferns" unique_id=672108370 instance=ExtResource("15_e8drn")]
transform = Transform3D(0.98112875, 0, -0.19335546, 0, 1, 0, 0.19335546, 0, 0.98112875, 6.9682307, 2.863756, -3.8094184)

[node name="Crate" parent="." unique_id=104961257 instance=ExtResource("16_q786a")]
transform = Transform3D(1, 0, 0, 0, 1, 0, 0, 0, 1, 1.1725588, 0.59695613, 12.297435)
attached_offset = Vector3(0, 3, -3)

[node name="plank_mesh" parent="." unique_id=1652033299 instance=ExtResource("17_p4bf0")]
transform = Transform3D(0.8590208, 0, -0.5119406, 0, 1, 0, 0.5119406, 0, 0.8590208, 11.274765, 0.25593388, -4.7437463)

[node name="plank_mesh2" parent="." unique_id=102940989 instance=ExtResource("17_p4bf0")]
transform = Transform3D(0.9644104, 0, 0.26441008, 0.065013215, 0.9693002, -0.23712948, -0.25629273, 0.24588025, 0.93480325, 2.1281905, 0.13288188, 12.445208)

[node name="plank_mesh3" parent="." unique_id=2110488236 instance=ExtResource("17_p4bf0")]
transform = Transform3D(0.9254118, -0.16601294, 0.34066528, 0.1843161, 0.98262453, -0.02183928, -0.3311202, 0.08300034, 0.9399313, 11.53972, 0.22914791, -4.731404)

[node name="Crate2" parent="." unique_id=1553739965 instance=ExtResource("16_q786a")]
transform = Transform3D(1, 0, 0, 0, 1, 0, 0, 0, 1, -12.516768, 1.8751243, 1.2273672)
attached_offset = Vector3(0, 3, -3)

[node name="Crate3" parent="." unique_id=1843208050 instance=ExtResource("16_q786a")]
transform = Transform3D(0.7722737, 0, 0.6352899, 0.048399314, 0.99709374, -0.058835372, -0.6334436, 0.07618461, 0.7700293, 11.219748, 0.61878717, -5.3951726)
attached_offset = Vector3(0, 3, -3)

[node name="shark_rigged" parent="." unique_id=1099023649 instance=ExtResource("18_lqnev")]
transform = Transform3D(0.7667563, 0.12418191, 0.6298124, -0.1598743, 0.9871375, -5.3833706e-09, -0.6217114, -0.10069081, 0.77674735, 16.148277, -0.003866136, -4.8780746)
script = null

[node name="BoatBG" parent="." unique_id=890121887 instance=ExtResource("19_jjoaj")]
transform = Transform3D(-1.2644895, 0, 2.7362745, 0, 3.01432, 0, -2.7362745, 0, -1.2644895, 21.313835, 0, -14.11441)
script = null

[node name="log_circle" parent="." unique_id=1155332218 instance=ExtResource("20_ep8hu")]
transform = Transform3D(0.29589134, 0, -0.40213418, 0, 0.49926305, 0, 0.40213418, 0, 0.29589134, 10.545552, 0.41813183, -0.68453336)
script = null

[node name="Fire" parent="log_circle" index="5" unique_id=1616359922]
visible = true

[node name="plank_mesh4" parent="." unique_id=310162119 instance=ExtResource("17_p4bf0")]
transform = Transform3D(0.9828626, -0.18420303, 0.0070945323, 0.1843161, 0.9826245, -0.021839274, -0.0029482841, 0.022772599, 0.99973667, 7.957966, 0.22914803, 10.07109)

[node name="plank_mesh5" parent="." unique_id=1994593877 instance=ExtResource("17_p4bf0")]
transform = Transform3D(0.3774959, -0.05025824, 0.92464674, 0.18431607, 0.9826244, -0.021839274, -0.90748245, 0.17867135, 0.38020012, 7.957966, 0.22914803, 10.07109)

[node name="BeachBall" parent="." unique_id=888649470 instance=ExtResource("27_4qiyi")]
transform = Transform3D(1, 0, 0, 0, 1, 0, 0, 0, 1, 6.73499, 0.70832205, -12.696412)
mass = 0.4
gravity_scale = 0.5
linear_damp = 0.0
angular_damp = 2.0
attached_offset = Vector3(-0.5, 1, -4)

[node name="Crate4" parent="." unique_id=2022169206 instance=ExtResource("16_q786a")]
transform = Transform3D(0.7722737, 0, 0.6352899, 0.048399314, 0.99709374, -0.058835372, -0.6334436, 0.07618461, 0.7700293, 10.034989, 0.61878717, -5.3951726)
attached_offset = Vector3(0, 3, -3)

[node name="Crate5" parent="." unique_id=996570385 instance=ExtResource("16_q786a")]
transform = Transform3D(-0.11765048, 0.064185336, 0.9909786, 0.04839931, 0.99709374, -0.058835376, -0.9918749, 0.041040663, -0.12041506, 10.617617, 1.4491148, -5.3951726)
attached_offset = Vector3(0, 3, -3)

[node name="CanvasLayer" type="CanvasLayer" parent="." unique_id=299135169]

[node name="MarginContainer" type="MarginContainer" parent="CanvasLayer" unique_id=1991237597]
anchors_preset = 6
anchor_left = 1.0
anchor_top = 0.5
anchor_right = 1.0
anchor_bottom = 0.5
offset_left = -201.0
offset_top = -79.0
offset_bottom = 79.0
grow_horizontal = 0
grow_vertical = 2
script = ExtResource("21_dlsrp")
right_offset_ratio = 0.12254999999999965

[node name="MarginContainer2" type="MarginContainer" parent="CanvasLayer" unique_id=1327515256]
anchors_preset = 5
anchor_left = 0.5
anchor_right = 0.5
offset_left = -100.5
offset_right = 100.5
offset_bottom = 158.0
grow_horizontal = 2
script = ExtResource("21_dlsrp")
top_offset_ratio = 0.04999999999999985

[node name="Title" type="Label" parent="CanvasLayer/MarginContainer2" unique_id=525958204]
material = ExtResource("22_ml24f")
layout_mode = 2
mouse_filter = 0
text = "Islandia"
label_settings = SubResource("LabelSettings_4tl2p")

[editable path="log_circle"]
